  81,   52,  102,   70,   21,   18,    1,    0
 359,   26,  375,   41,   16,   15,    2,    0
 221,   20,  238,   37,   17,   17,    3,    0
 337,   31,  352,   46,   15,   15,    4,    0
  15,  341,   33,  359,   18,   18,    5,    0
 272,  169,  283,  182,   11,   13,    6,    0
 111,  326,  134,  348,   23,   22,    7,    0
 393,  465,  416,  486,   23,   21,    8,    0
 472,   77,  496,   99,   24,   22,    9,    0
   0,  230,   24,  254,   24,   24,   10,    0
 433,    6,  443,   17,   10,   11,   11,    0
 126,  472,  136,  483,   10,   11,   12,    0
 306,  282,  315,  292,    9,   10,   13,    0
 386,  308,  396,  316,   10,    8,   14,    0
 399,  144,  408,  152,    9,    8,   15,    0
 406,   47,  444,   83,   38,   36,   16,    0
 132,   89,  147,  103,   15,   14,   17,    0
 131,   38,  138,   46,    7,    8,   18,    0
 238,  465,  264,  486,   26,   21,   19,    0
 460,    1,  502,   41,   42,   40,   20,    0
  50,  179,   55,  188,    5,    9,   21,    0
  81,   52,  102,   70,   21,   18,    1,    1
 359,   26,  375,   41,   16,   15,    2,    1
 221,   20,  238,   37,   17,   17,    3,    1
 337,   31,  352,   46,   15,   15,    4,    1
  15,  341,   33,  359,   18,   18,    5,    1
 272,  169,  283,  182,   11,   13,    6,    1
 111,  326,  134,  348,   23,   22,    7,    1
 393,  465,  416,  486,   23,   21,    8,    1
 472,   77,  496,   99,   24,   22,    9,    1
   0,  230,   25,  254,   25,   24,   10,    1
 433,    6,  443,   17,   10,   11,   11,    1
 126,  473,  137,  483,   11,   10,   12,    1
 306,  282,  315,  292,    9,   10,   13,    1
 386,  308,  396,  316,   10,    8,   14,    1
 399,  144,  408,  152,    9,    8,   15,    1
 406,   47,  444,   83,   38,   36,   16,    1
 132,   89,  147,  103,   15,   14,   17,    1
 131,   38,  138,   46,    7,    8,   18,    1
 238,  465,  264,  486,   26,   21,   19,    1
 459,    3,  500,   43,   41,   40,   20,    1
  50,  179,   55,  188,    5,    9,   21,    1
  82,   51,  103,   69,   21,   18,    1,    2
 360,   25,  377,   41,   17,   16,    2,    2
 223,   20,  241,   38,   18,   18,    3,    2
 338,   30,  354,   45,   16,   15,    4,    2
  13,  339,   32,  357,   19,   18,    5,    2
 273,  168,  284,  182,   11,   14,    6,    2
 111,  324,  134,  346,   23,   22,    7,    2
 395,  463,  417,  482,   22,   19,    8,    2
 474,   78,  497,   99,   23,   21,    9,    2
   1,  230,   26,  253,   25,   23,   10,    2
 435,    4,  445,   15,   10,   11,   11,    2
 127,  471,  138,  482,   11,   11,   12,    2
 307,  280,  316,  290,    9,   10,   13,    2
 387,  308,  397,  317,   10,    9,   14,    2
 401,  141,  410,  151,    9,   10,   15,    2
 410,   52,  445,   87,   35,   35,   16,    2
 134,   88,  147,  101,   13,   13,   17,    2
 133,   36,  139,   43,    6,    7,   18,    2
 240,  466,  266,  488,   26,   22,   19,    2
 463,    0,  495,   44,   32,   44,   20,    2
  51,  178,   57,  187,    6,    9,   21,    2
  59,   74,   68,   83,    9,    9,   22,    2
 283,  500,  297,  512,   14,   12,   23,    2
  83,   51,  103,   69,   20,   18,    1,    3
 361,   24,  377,   40,   16,   16,    2,    3
 224,   20,  242,   38,   18,   18,    3,    3
 339,   29,  354,   44,   15,   15,    4,    3
  12,  339,   31,  356,   19,   17,    5,    3
 274,  168,  285,  181,   11,   13,    6,    3
 111,  323,  134,  345,   23,   22,    7,    3
 396,  463,  418,  481,   22,   18,    8,    3
 474,   78,  498,   99,   24,   21,    9,    3
   2,  230,   27,  253,   25,   23,   10,    3
 435,    4,  445,   14,   10,   10,   11,    3
 128,  471,  138,  481,   10,   10,   12,    3
 307,  279,  317,  290,   10,   11,   13,    3
 387,  308,  397,  318,   10,   10,   14,    3
 402,  139,  411,  150,    9,   11,   15,    3
 411,   54,  446,   89,   35,   35,   16,    3
 135,   88,  147,  100,   12,   12,   17,    3
 133,   35,  140,   43,    7,    8,   18,    3
 240,  466,  267,  489,   27,   23,   19,    3
 464,    1,  499,   44,   35,   43,   20,    3
  51,  178,   56,  187,    5,    9,   21,    3
  58,   74,   68,   83,   10,    9,   22,    3
 283,  500,  297,  511,   14,   11,   23,    3
  83,   51,  103,   69,   20,   18,    1,    4
 361,   24,  377,   40,   16,   16,    2,    4
 224,   20,  243,   38,   19,   18,    3,    4
 339,   29,  355,   44,   16,   15,    4,    4
  12,  338,   31,  356,   19,   18,    5,    4
 274,  168,  285,  181,   11,   13,    6,    4
 111,  322,  134,  345,   23,   23,    7,    4
 396,  463,  418,  481,   22,   18,    8,    4
 475,   78,  498,   99,   23,   21,    9,    4
   2,  230,   27,  252,   25,   22,   10,    4
 435,    4,  445,   14,   10,   10,   11,    4
 128,  471,  138,  481,   10,   10,   12,    4
 307,  278,  317,  290,   10,   12,   13,    4
 387,  308,  397,  318,   10,   10,   14,    4
 402,  139,  411,  149,    9,   10,   15,    4
 411,   55,  446,   89,   35,   34,   16,    4
 135,   88,  147,  100,   12,   12,   17,    4
 133,   35,  140,   43,    7,    8,   18,    4
 240,  466,  267,  489,   27,   23,   19,    4
 464,    1,  501,   44,   37,   43,   20,    4
  51,  178,   56,  187,    5,    9,   21,    4
  58,   74,   69,   83,   11,    9,   22,    4
 283,  500,  297,  512,   14,   12,   23,    4
  83,   50,  103,   68,   20,   18,    1,    5
 363,   23,  379,   39,   16,   16,    2,    5
 227,   21,  245,   38,   18,   17,    3,    5
 341,   28,  357,   43,   16,   15,    4,    5
  13,  335,   33,  355,   20,   20,    5,    5
 276,  168,  288,  181,   12,   13,    6,    5
 112,  320,  135,  342,   23,   22,    7,    5
 396,  462,  419,  482,   23,   20,    8,    5
 477,   77,  500,   98,   23,   21,    9,    5
   4,  229,   30,  253,   26,   24,   10,    5
 438,    2,  447,   11,    9,    9,   11,    5
 130,  469,  140,  479,   10,   10,   12,    5
 309,  277,  318,  289,    9,   12,   13,    5
 387,  311,  398,  319,   11,    8,   14,    5
 404,  137,  413,  146,    9,    9,   15,    5
 412,   55,  448,   89,   36,   34,   16,    5
 137,   87,  149,   99,   12,   12,   17,    5
 135,   32,  142,   40,    7,    8,   18,    5
 241,  466,  267,  489,   26,   23,   19,    5
 469,    2,  501,   50,   32,   48,   20,    5
  54,  176,   59,  186,    5,   10,   21,    5
  58,   74,   69,   83,   11,    9,   22,    5
 283,  500,  297,  512,   14,   12,   23,    5
 463,   39,  482,   56,   19,   17,   24,    5
 321,  378,  330,  389,    9,   11,   25,    5
  83,   50,  103,   68,   20,   18,    1,    6
 363,   23,  380,   39,   17,   16,    2,    6
 228,   21,  246,   38,   18,   17,    3,    6
 342,   28,  357,   43,   15,   15,    4,    6
  13,  334,   34,  355,   21,   21,    5,    6
 277,  168,  288,  181,   11,   13,    6,    6
 112,  320,  135,  341,   23,   21,    7,    6
 396,  462,  419,  482,   23,   20,    8,    6
 477,   76,  500,   98,   23,   22,    9,    6
   5,  229,   30,  252,   25,   23,   10,    6
 439,    1,  448,   11,    9,   10,   11,    6
 131,  468,  141,  478,   10,   10,   12,    6
 310,  277,  319,  288,    9,   11,   13,    6
 387,  311,  398,  320,   11,    9,   14,    6
 404,  137,  414,  145,   10,    8,   15,    6
 413,   54,  449,   89,   36,   35,   16,    6
 137,   86,  149,   99,   12,   13,   17,    6
 136,   32,  143,   39,    7,    7,   18,    6
 241,  466,  268,  490,   27,   24,   19,    6
 470,    0,  504,   40,   34,   40,   20,    6
  55,  176,   60,  186,    5,   10,   21,    6
  58,   74,   69,   83,   11,    9,   22,    6
 283,  500,  297,  512,   14,   12,   23,    6
 463,   39,  482,   56,   19,   17,   24,    6
 321,  378,  330,  389,    9,   11,   25,    6
  83,   50,  103,   68,   20,   18,    1,    7
 363,   23,  380,   39,   17,   16,    2,    7
 228,   21,  246,   38,   18,   17,    3,    7
 342,   28,  357,   43,   15,   15,    4,    7
  13,  334,   34,  355,   21,   21,    5,    7
 277,  168,  288,  181,   11,   13,    6,    7
 112,  320,  135,  341,   23,   21,    7,    7
 396,  462,  419,  482,   23,   20,    8,    7
 477,   76,  500,   98,   23,   22,    9,    7
   5,  229,   30,  252,   25,   23,   10,    7
 439,    1,  448,   11,    9,   10,   11,    7
 131,  468,  141,  478,   10,   10,   12,    7
 310,  277,  319,  288,    9,   11,   13,    7
 387,  311,  398,  320,   11,    9,   14,    7
 404,  137,  414,  145,   10,    8,   15,    7
 413,   54,  449,   89,   36,   35,   16,    7
 137,   86,  149,   99,   12,   13,   17,    7
 136,   32,  143,   39,    7,    7,   18,    7
 241,  467,  268,  490,   27,   23,   19,    7
 470,    0,  504,   36,   34,   36,   20,    7
  55,  176,   60,  186,    5,   10,   21,    7
  58,   74,   69,   83,   11,    9,   22,    7
 283,  500,  297,  512,   14,   12,   23,    7
 463,   39,  482,   56,   19,   17,   24,    7
 321,  378,  330,  389,    9,   11,   25,    7
  84,   48,  103,   67,   19,   19,    1,    8
 365,   21,  380,   37,   15,   16,    2,    8
 231,   21,  248,   39,   17,   18,    3,    8
 343,   26,  359,   41,   16,   15,    4,    8
   9,  329,   30,  352,   21,   23,    5,    8
 279,  168,  290,  181,   11,   13,    6,    8
 113,  316,  136,  338,   23,   22,    7,    8
 398,  460,  420,  481,   22,   21,    8,    8
 480,   76,  502,   97,   22,   21,    9,    8
   9,  229,   34,  253,   25,   24,   10,    8
 440,    1,  449,   10,    9,    9,   11,    8
 132,  466,  143,  477,   11,   11,   12,    8
 311,  276,  321,  287,   10,   11,   13,    8
 386,  312,  400,  321,   14,    9,   14,    8
 407,  134,  414,  143,    7,    9,   15,    8
 415,   55,  451,   89,   36,   34,   16,    8
 136,   84,  153,   99,   17,   15,   17,    8
 137,   29,  144,   37,    7,    8,   18,    8
 243,  469,  266,  490,   23,   21,   19,    8
 474,    0,  502,   41,   28,   41,   20,    8
  56,  177,   62,  186,    6,    9,   21,    8
  12,  106,   22,  115,   10,    9,   22,    8
 283,  500,  297,  512,   14,   12,   23,    8
 465,   46,  483,   64,   18,   18,   24,    8
 321,  378,  330,  389,    9,   11,   25,    8
 495,  461,  512,  479,   17,   18,   26,    8
  84,   48,  103,   66,   19,   18,    1,    9
 365,   21,  380,   36,   15,   15,    2,    9
 231,   21,  249,   39,   18,   18,    3,    9
 344,   25,  360,   41,   16,   16,    4,    9
   7,  328,   28,  351,   21,   23,    5,    9
 280,  168,  291,  182,   11,   14,    6,    9
 114,  316,  136,  337,   22,   21,    7,    9
 399,  460,  421,  480,   22,   20,    8,    9
 481,   76,  503,   97,   22,   21,    9,    9
  10,  229,   34,  253,   24,   24,   10,    9
 440,    0,  449,   10,    9,   10,   11,    9
 133,  465,  143,  476,   10,   11,   12,    9
 312,  276,  321,  286,    9,   10,   13,    9
 386,  312,  400,  321,   14,    9,   14,    9
 408,  133,  415,  143,    7,   10,   15,    9
 416,   55,  452,   89,   36,   34,   16,    9
 136,   83,  154,   99,   18,   16,   17,    9
 137,   28,  145,   36,    8,    8,   18,    9
 244,  469,  266,  490,   22,   21,   19,    9
 476,    0,  501,   42,   25,   42,   20,    9
  56,  177,   63,  186,    7,    9,   21,    9
 283,  500,  297,  512,   14,   12,   23,    9
 466,   48,  484,   66,   18,   18,   24,    9
 321,  378,  330,  389,    9,   11,   25,    9
 495,  461,  512,  479,   17,   18,   26,    9
  84,   48,  103,   66,   19,   18,    1,   10
 365,   21,  380,   36,   15,   15,    2,   10
 231,   21,  249,   39,   18,   18,    3,   10
 344,   25,  360,   41,   16,   16,    4,   10
   7,  328,   28,  351,   21,   23,    5,   10
 280,  168,  291,  182,   11,   14,    6,   10
 114,  315,  136,  337,   22,   22,    7,   10
 399,  460,  421,  480,   22,   20,    8,   10
 481,   76,  503,   96,   22,   20,    9,   10
  10,  229,   35,  253,   25,   24,   10,   10
 441,    0,  450,    9,    9,    9,   11,   10
 133,  465,  143,  476,   10,   11,   12,   10
 312,  276,  321,  286,    9,   10,   13,   10
 386,  312,  401,  321,   15,    9,   14,   10
 408,  133,  415,  143,    7,   10,   15,   10
 416,   55,  452,   89,   36,   34,   16,   10
 136,   83,  154,   99,   18,   16,   17,   10
 137,   28,  145,   36,    8,    8,   18,   10
 244,  469,  266,  490,   22,   21,   19,   10
 475,    0,  502,   45,   27,   45,   20,   10
  56,  177,   63,  186,    7,    9,   21,   10
 283,  500,  297,  512,   14,   12,   23,   10
 466,   48,  484,   66,   18,   18,   24,   10
 321,  378,  330,  389,    9,   11,   25,   10
 495,  461,  511,  479,   16,   18,   26,   10
  84,   46,  104,   65,   20,   19,    1,   11
 366,   19,  383,   35,   17,   16,    2,   11
 233,   21,  252,   39,   19,   18,    3,   11
 347,   25,  359,   38,   12,   13,    4,   11
   7,  327,   27,  346,   20,   19,    5,   11
 282,  167,  294,  181,   12,   14,    6,   11
 114,  312,  137,  335,   23,   23,    7,   11
 400,  457,  423,  477,   23,   20,    8,   11
 483,   76,  505,   96,   22,   20,    9,   11
  11,  228,   35,  251,   24,   23,   10,   11
 134,  464,  144,  474,   10,   10,   12,   11
 314,  274,  323,  284,    9,   10,   13,   11
 386,  313,  401,  321,   15,    8,   14,   11
 409,  129,  417,  140,    8,   11,   15,   11
 418,   55,  454,   90,   36,   35,   16,   11
 139,   82,  155,   98,   16,   16,   17,   11
 138,   28,  145,   35,    7,    7,   18,   11
 244,  465,  283,  489,   39,   24,   19,   11
 480,    0,  510,   42,   30,   42,   20,   11
  57,  177,   63,  186,    6,    9,   21,   11
 283,  500,  297,  512,   14,   12,   23,   11
 468,   56,  487,   74,   19,   18,   24,   11
 321,  378,  330,  389,    9,   11,   25,   11
 495,  461,  512,  479,   17,   18,   26,   11
  84,   46,  104,   65,   20,   19,    1,   12
 366,   19,  383,   35,   17,   16,    2,   12
 234,   21,  253,   39,   19,   18,    3,   12
 347,   25,  359,   38,   12,   13,    4,   12
   7,  327,   27,  345,   20,   18,    5,   12
 283,  167,  294,  181,   11,   14,    6,   12
 114,  311,  137,  334,   23,   23,    7,   12
 400,  457,  423,  476,   23,   19,    8,   12
 483,   76,  505,   96,   22,   20,    9,   12
  11,  228,   35,  250,   24,   22,   10,   12
 135,  464,  145,  473,   10,    9,   12,   12
 314,  274,  324,  284,   10,   10,   13,   12
 386,  313,  401,  322,   15,    9,   14,   12
 410,  128,  418,  139,    8,   11,   15,   12
 418,   55,  454,   90,   36,   35,   16,   12
 139,   82,  155,   98,   16,   16,   17,   12
 138,   27,  146,   35,    8,    8,   18,   12
 247,  462,  287,  491,   40,   29,   19,   12
 480,    0,  512,   42,   32,   42,   20,   12
  57,  177,   64,  186,    7,    9,   21,   12
 282,  492,  299,  507,   17,   15,   23,   12
 469,   58,  488,   77,   19,   19,   24,   12
 321,  378,  330,  389,    9,   11,   25,   12
 495,  461,  512,  479,   17,   18,   26,   12
  84,   46,  104,   65,   20,   19,    1,   13
 366,   19,  383,   35,   17,   16,    2,   13
 234,   21,  253,   39,   19,   18,    3,   13
 348,   25,  359,   38,   11,   13,    4,   13
   7,  327,   27,  345,   20,   18,    5,   13
 283,  167,  294,  181,   11,   14,    6,   13
 114,  311,  137,  334,   23,   23,    7,   13
 399,  457,  422,  476,   23,   19,    8,   13
 483,   76,  505,   96,   22,   20,    9,   13
  11,  228,   35,  250,   24,   22,   10,   13
 135,  464,  145,  473,   10,    9,   12,   13
 314,  274,  324,  284,   10,   10,   13,   13
 386,  313,  402,  322,   16,    9,   14,   13
 409,  128,  418,  139,    9,   11,   15,   13
 418,   55,  454,   90,   36,   35,   16,   13
 139,   82,  155,   98,   16,   16,   17,   13
 138,   26,  146,   34,    8,    8,   18,   13
 248,  461,  288,  491,   40,   30,   19,   13
 480,    0,  512,   42,   32,   42,   20,   13
  57,  177,   64,  186,    7,    9,   21,   13
 282,  492,  299,  507,   17,   15,   23,   13
 469,   58,  488,   77,   19,   19,   24,   13
 321,  378,  330,  389,    9,   11,   25,   13
 495,  461,  512,  479,   17,   18,   26,   13
  85,   45,  105,   64,   20,   19,    1,   14
 368,   18,  385,   34,   17,   16,    2,   14
 237,   23,  254,   37,   17,   14,    3,   14
 347,   23,  363,   39,   16,   16,    4,   14
   6,  322,   25,  340,   19,   18,    5,   14
 285,  166,  297,  181,   12,   15,    6,   14
 115,  308,  137,  331,   22,   23,    7,   14
 401,  456,  424,  477,   23,   21,    8,   14
 485,   75,  507,   96,   22,   21,    9,   14
  14,  228,   39,  250,   25,   22,   10,   14
 136,  463,  146,  472,   10,    9,   12,   14
 315,  272,  327,  283,   12,   11,   13,   14
 389,  313,  399,  324,   10,   11,   14,   14
 411,  128,  421,  136,   10,    8,   15,   14
 421,   55,  458,   90,   37,   35,   16,   14
 142,   81,  155,   96,   13,   15,   17,   14
 248,  467,  275,  491,   27,   24,   19,   14
 484,    1,  512,   48,   28,   47,   20,   14
   1,  216,   19,  234,   18,   18,   21,   14
 282,  491,  299,  507,   17,   16,   23,   14
 472,   67,  490,   85,   18,   18,   24,   14
 321,  374,  330,  383,    9,    9,   25,   14
 495,  461,  512,  479,   17,   18,   26,   14
  85,   45,  105,   64,   20,   19,    1,   15
 369,   17,  386,   33,   17,   16,    2,   15
 238,   23,  255,   36,   17,   13,    3,   15
 347,   23,  364,   39,   17,   16,    4,   15
   6,  321,   25,  339,   19,   18,    5,   15
 285,  166,  297,  181,   12,   15,    6,   15
 115,  307,  138,  330,   23,   23,    7,   15
 402,  455,  424,  477,   22,   22,    8,   15
 486,   75,  507,   96,   21,   21,    9,   15
  15,  227,   40,  250,   25,   23,   10,   15
 137,  462,  147,  472,   10,   10,   12,   15
 315,  271,  328,  282,   13,   11,   13,   15
 389,  313,  398,  324,    9,   11,   14,   15
 412,  127,  421,  136,    9,    9,   15,   15
 422,   55,  459,   90,   37,   35,   16,   15
 143,   81,  154,   95,   11,   14,   17,   15
 248,  469,  271,  491,   23,   22,   19,   15
 485,    2,  512,   49,   27,   47,   20,   15
  -2,  219,   16,  237,   18,   18,   21,   15
 472,   69,  490,   86,   18,   17,   24,   15
 321,  373,  330,  382,    9,    9,   25,   15
 495,  461,  512,  479,   17,   18,   26,   15
  85,   45,  105,   64,   20,   19,    1,   16
 369,   17,  386,   33,   17,   16,    2,   16
 238,   23,  255,   36,   17,   13,    3,   16
 347,   23,  364,   39,   17,   16,    4,   16
   6,  321,   25,  338,   19,   17,    5,   16
 285,  166,  297,  181,   12,   15,    6,   16
 115,  307,  138,  330,   23,   23,    7,   16
 402,  455,  424,  477,   22,   22,    8,   16
 479,   72,  499,   91,   20,   19,    9,   16
  15,  227,   40,  250,   25,   23,   10,   16
 137,  462,  147,  472,   10,   10,   12,   16
 315,  271,  328,  282,   13,   11,   13,   16
 389,  313,  399,  324,   10,   11,   14,   16
 412,  127,  421,  136,    9,    9,   15,   16
 422,   55,  459,   90,   37,   35,   16,   16
 143,   81,  154,   95,   11,   14,   17,   16
 248,  469,  270,  490,   22,   21,   19,   16
 485,    2,  512,   50,   27,   48,   20,   16
  -1,  218,   16,  237,   17,   19,   21,   16
 321,  373,  330,  382,    9,    9,   25,   16
 495,  461,  512,  479,   17,   18,   26,   16
  85,   43,  106,   63,   21,   20,    1,   17
 370,   16,  387,   31,   17,   15,    2,   17
 240,   23,  258,   40,   18,   17,    3,   17
 350,   22,  367,   38,   17,   16,    4,   17
   6,  315,   24,  333,   18,   18,    5,   17
 286,  165,  301,  181,   15,   16,    6,   17
 115,  303,  137,  324,   22,   21,    7,   17
 403,  454,  426,  476,   23,   22,    8,   17
 476,   75,  503,   95,   27,   20,    9,   17
  18,  227,   43,  250,   25,   23,   10,   17
 139,  461,  149,  471,   10,   10,   12,   17
 317,  271,  329,  281,   12,   10,   13,   17
 390,  314,  399,  324,    9,   10,   14,   17
 413,  124,  423,  132,   10,    8,   15,   17
 424,   55,  460,   91,   36,   36,   16,   17
 144,   79,  156,   93,   12,   14,   17,   17
 253,  463,  286,  492,   33,   29,   19,   17
 489,    0,  512,   52,   23,   52,   20,   17
   0,  217,   19,  235,   19,   18,   21,   17
 321,  373,  330,  381,    9,    8,   25,   17
 495,  461,  512,  479,   17,   18,   26,   17
 146,   18,  152,   27,    6,    9,   27,   17
  85,   42,  106,   62,   21,   20,    1,   18
 371,   16,  387,   31,   16,   15,    2,   18
 240,   23,  259,   41,   19,   18,    3,   18
 350,   22,  368,   37,   18,   15,    4,   18
   5,  314,   24,  332,   19,   18,    5,   18
 286,  165,  302,  181,   16,   16,    6,   18
 115,  303,  137,  323,   22,   20,    7,   18
 403,  453,  427,  475,   24,   22,    8,   18
 475,   75,  504,   96,   29,   21,    9,   18
   9,  222,   31,  242,   22,   20,   10,   18
 140,  460,  149,  470,    9,   10,   12,   18
 318,  270,  329,  281,   11,   11,   13,   18
 390,  314,  400,  324,   10,   10,   14,   18
 413,  123,  424,  132,   11,    9,   15,   18
 424,   55,  461,   91,   37,   36,   16,   18
 144,   78,  157,   92,   13,   14,   17,   18
 254,  461,  290,  492,   36,   31,   19,   18
 490,    0,  512,   53,   22,   53,   20,   18
 321,  372,  330,  381,    9,    9,   25,   18
 495,  461,  512,  479,   17,   18,   26,   18
 146,   18,  152,   27,    6,    9,   27,   18
  85,   42,  106,   62,   21,   20,    1,   19
 371,   16,  387,   31,   16,   15,    2,   19
 240,   23,  259,   41,   19,   18,    3,   19
 351,   22,  368,   37,   17,   15,    4,   19
   5,  314,   24,  332,   19,   18,    5,   19
 286,  165,  302,  181,   16,   16,    6,   19
 115,  303,  137,  323,   22,   20,    7,   19
 403,  453,  427,  475,   24,   22,    8,   19
 475,   75,  504,   96,   29,   21,    9,   19
  17,  226,   41,  248,   24,   22,   10,   19
 140,  460,  149,  470,    9,   10,   12,   19
 318,  270,  329,  281,   11,   11,   13,   19
 390,  314,  400,  324,   10,   10,   14,   19
 413,  123,  424,  132,   11,    9,   15,   19
 424,   55,  461,   91,   37,   36,   16,   19
 144,   78,  157,   92,   13,   14,   17,   19
 254,  461,  291,  492,   37,   31,   19,   19
 490,    0,  511,   53,   21,   53,   20,   19
 321,  372,  330,  380,    9,    8,   25,   19
 495,  461,  512,  479,   17,   18,   26,   19
 145,   17,  152,   26,    7,    9,   27,   19
   0,  217,   20,  235,   20,   18,   28,   19
  86,   42,  106,   62,   20,   20,    1,   20
 373,   14,  388,   30,   15,   16,    2,   20
 243,   23,  261,   41,   18,   18,    3,   20
 353,   20,  369,   35,   16,   15,    4,   20
   5,  307,   24,  326,   19,   19,    5,   20
 290,  165,  302,  178,   12,   13,    6,   20
 116,  300,  139,  322,   23,   22,    7,   20
 404,  452,  428,  474,   24,   22,    8,   20
 478,   85,  499,  104,   21,   19,    9,   20
  21,  227,   45,  250,   24,   23,   10,   20
 141,  458,  151,  468,   10,   10,   12,   20
 320,  269,  330,  279,   10,   10,   13,   20
 389,  313,  403,  327,   14,   14,   14,   20
 415,  120,  425,  130,   10,   10,   15,   20
 427,   56,  463,   91,   36,   35,   16,   20
 144,   78,  159,   92,   15,   14,   17,   20
 253,  462,  287,  492,   34,   30,   19,   20
 493,    0,  511,   55,   18,   55,   20,   20
 321,  370,  330,  381,    9,   11,   25,   20
 495,  461,  512,  479,   17,   18,   26,   20
 144,   17,  152,   26,    8,    9,   27,   20
   1,  216,   21,  234,   20,   18,   28,   20
 492,   74,  511,   93,   19,   19,   29,   20
  86,   42,  106,   62,   20,   20,    1,   21
 373,   14,  389,   29,   16,   15,    2,   21
 243,   23,  262,   42,   19,   19,    3,   21
 353,   19,  369,   34,   16,   15,    4,   21
   5,  306,   24,  325,   19,   19,    5,   21
 291,  165,  302,  177,   11,   12,    6,   21
 116,  299,  140,  322,   24,   23,    7,   21
 405,  452,  429,  474,   24,   22,    8,   21
 480,   88,  494,  104,   14,   16,    9,   21
  22,  227,   46,  250,   24,   23,   10,   21
 142,  457,  152,  468,   10,   11,   12,   21
 320,  269,  330,  279,   10,   10,   13,   21
 389,  313,  404,  328,   15,   15,   14,   21
 416,  120,  425,  129,    9,    9,   15,   21
 427,   56,  464,   91,   37,   35,   16,   21
 145,   77,  160,   92,   15,   15,   17,   21
 253,  463,  286,  492,   33,   29,   19,   21
 494,    0,  511,   56,   17,   56,   20,   21
 321,  370,  330,  381,    9,   11,   25,   21
 495,  461,  512,  479,   17,   18,   26,   21
 144,   17,  152,   26,    8,    9,   27,   21
   2,  216,   23,  233,   21,   17,   28,   21
 492,   74,  511,   93,   19,   19,   29,   21
  86,   42,  106,   62,   20,   20,    1,   22
 373,   14,  389,   29,   16,   15,    2,   22
 243,   23,  262,   41,   19,   18,    3,   22
 353,   19,  369,   34,   16,   15,    4,   22
   5,  306,   24,  325,   19,   19,    5,   22
 291,  165,  302,  177,   11,   12,    6,   22
 116,  299,  140,  322,   24,   23,    7,   22
 405,  452,  429,  474,   24,   22,    8,   22
 480,   88,  493,  104,   13,   16,    9,   22
  22,  227,   46,  250,   24,   23,   10,   22
 142,  457,  152,  468,   10,   11,   12,   22
 320,  269,  330,  279,   10,   10,   13,   22
 389,  313,  404,  328,   15,   15,   14,   22
 416,  120,  425,  129,    9,    9,   15,   22
 427,   56,  464,   91,   37,   35,   16,   22
 145,   77,  160,   92,   15,   15,   17,   22
 253,  463,  286,  492,   33,   29,   19,   22
 494,    0,  511,   56,   17,   56,   20,   22
 321,  370,  330,  381,    9,   11,   25,   22
 144,   17,  152,   25,    8,    8,   27,   22
   2,  216,   23,  233,   21,   17,   28,   22
 492,   74,  511,   93,   19,   19,   29,   22
  86,   42,  106,   61,   20,   19,    1,   23
 374,   13,  391,   29,   17,   16,    2,   23
 246,   24,  264,   42,   18,   18,    3,   23
 354,   18,  370,   32,   16,   14,    4,   23
   1,  298,   23,  320,   22,   22,    5,   23
 293,  164,  305,  177,   12,   13,    6,   23
 117,  297,  140,  318,   23,   21,    7,   23
 405,  449,  428,  470,   23,   21,    8,   23
 482,   96,  499,  114,   17,   18,    9,   23
  25,  227,   49,  250,   24,   23,   10,   23
 143,  455,  153,  467,   10,   12,   12,   23
 322,  267,  333,  278,   11,   11,   13,   23
 390,  315,  400,  325,   10,   10,   14,   23
 418,  117,  427,  125,    9,    8,   15,   23
 430,   55,  467,   88,   37,   33,   16,   23
 147,   76,  160,   89,   13,   13,   17,   23
 254,  468,  284,  491,   30,   23,   19,   23
 495,    0,  511,   57,   16,   57,   20,   23
 321,  369,  330,  378,    9,    9,   25,   23
   4,  216,   26,  233,   22,   17,   28,   23
 492,   74,  511,   95,   19,   21,   29,   23
 289,  484,  301,  497,   12,   13,   30,   23
  87,   42,  106,   61,   19,   19,    1,   24
 374,   13,  391,   28,   17,   15,    2,   24
 247,   24,  265,   42,   18,   18,    3,   24
 355,   17,  371,   32,   16,   15,    4,   24
   0,  296,   23,  319,   23,   23,    5,   24
 294,  164,  305,  177,   11,   13,    6,   24
 117,  296,  140,  317,   23,   21,    7,   24
 405,  449,  428,  469,   23,   20,    8,   24
 482,   97,  501,  116,   19,   19,    9,   24
  25,  226,   50,  250,   25,   24,   10,   24
 143,  455,  154,  466,   11,   11,   12,   24
 322,  267,  333,  278,   11,   11,   13,   24
 390,  316,  399,  325,    9,    9,   14,   24
 419,  116,  427,  124,    8,    8,   15,   24
 431,   55,  468,   87,   37,   32,   16,   24
 148,   75,  160,   89,   12,   14,   17,   24
 254,  469,  284,  491,   30,   22,   19,   24
 496,    0,  511,   57,   15,   57,   20,   24
 321,  369,  329,  378,    8,    9,   25,   24
   5,  215,   26,  233,   21,   18,   28,   24
 492,   75,  512,   96,   20,   21,   29,   24
 289,  484,  301,  497,   12,   13,   30,   24
  87,   42,  106,   61,   19,   19,    1,   25
 374,   13,  392,   28,   18,   15,    2,   25
 247,   24,  265,   42,   18,   18,    3,   25
 355,   17,  371,   32,   16,   15,    4,   25
   0,  296,   23,  319,   23,   23,    5,   25
 294,  164,  305,  177,   11,   13,    6,   25
 117,  296,  140,  317,   23,   21,    7,   25
 406,  450,  429,  471,   23,   21,    8,   25
 482,   97,  501,  116,   19,   19,    9,   25
  25,  226,   50,  250,   25,   24,   10,   25
 144,  455,  154,  466,   10,   11,   12,   25
 322,  267,  333,  278,   11,   11,   13,   25
 390,  316,  399,  325,    9,    9,   14,   25
 419,  116,  427,  124,    8,    8,   15,   25
 431,   55,  468,   87,   37,   32,   16,   25
 148,   75,  160,   89,   12,   14,   17,   25
 254,  469,  284,  491,   30,   22,   19,   25
 496,    0,  511,   58,   15,   58,   20,   25
 321,  369,  329,  378,    8,    9,   25,   25
   5,  215,   26,  233,   21,   18,   28,   25
 492,   75,  512,   96,   20,   21,   29,   25
 289,  484,  301,  497,   12,   13,   30,   25
  87,   41,  106,   60,   19,   19,    1,   26
 376,   11,  393,   27,   17,   16,    2,   26
 250,   25,  268,   42,   18,   17,    3,   26
 356,   16,  372,   30,   16,   14,    4,   26
   4,  296,   18,  312,   14,   16,    5,   26
 294,  163,  309,  178,   15,   15,    6,   26
 118,  292,  142,  315,   24,   23,    7,   26
 408,  449,  431,  470,   23,   21,    8,   26
 485,  105,  504,  124,   19,   19,    9,   26
  17,  219,   40,  240,   23,   21,   10,   26
 146,  453,  156,  464,   10,   11,   12,   26
 323,  265,  337,  278,   14,   13,   13,   26
 390,  316,  399,  325,    9,    9,   14,   26
 421,  113,  430,  123,    9,   10,   15,   26
 432,   56,  471,   87,   39,   31,   16,   26
 149,   75,  164,   89,   15,   14,   17,   26
 256,  470,  283,  492,   27,   22,   19,   26
 321,  368,  330,  378,    9,   10,   25,   26
 494,   75,  512,   95,   18,   20,   29,   26
 289,  484,  301,  497,   12,   13,   30,   26
  87,   41,  107,   60,   20,   19,    1,   27
 377,   11,  393,   26,   16,   15,    2,   27
 251,   25,  269,   42,   18,   17,    3,   27
 357,   15,  373,   30,   16,   15,    4,   27
   5,  296,   16,  310,   11,   14,    5,   27
 294,  162,  310,  178,   16,   16,    6,   27
 118,  291,  142,  314,   24,   23,    7,   27
 408,  448,  431,  470,   23,   22,    8,   27
 485,  107,  504,  126,   19,   19,    9,   27
  25,  223,   49,  245,   24,   22,   10,   27
 146,  453,  157,  464,   11,   11,   12,   27
 323,  264,  337,  278,   14,   14,   13,   27
 390,  316,  399,  325,    9,    9,   14,   27
 421,  112,  431,  122,   10,   10,   15,   27
 432,   56,  471,   87,   39,   31,   16,   27
 149,   74,  165,   89,   16,   15,   17,   27
 257,  470,  283,  493,   26,   23,   19,   27
 321,  368,  330,  378,    9,   10,   25,   27
 495,   75,  512,   95,   17,   20,   29,   27
 289,  484,  301,  497,   12,   13,   30,   27
   8,  214,   30,  233,   22,   19,   31,   27
  87,   41,  107,   60,   20,   19,    1,   28
 377,   11,  393,   26,   16,   15,    2,   28
 251,   25,  269,   42,   18,   17,    3,   28
 357,   15,  373,   30,   16,   15,    4,   28
   5,  296,   16,  310,   11,   14,    5,   28
 294,  162,  311,  178,   17,   16,    6,   28
 118,  291,  142,  314,   24,   23,    7,   28
 408,  448,  432,  470,   24,   22,    8,   28
 485,  107,  504,  126,   19,   19,    9,   28
  27,  224,   52,  247,   25,   23,   10,   28
 146,  453,  157,  464,   11,   11,   12,   28
 323,  264,  337,  278,   14,   14,   13,   28
 390,  316,  399,  325,    9,    9,   14,   28
 421,  112,  431,  122,   10,   10,   15,   28
 432,   56,  471,   87,   39,   31,   16,   28
 149,   74,  166,   89,   17,   15,   17,   28
 257,  470,  283,  493,   26,   23,   19,   28
 321,  368,  330,  378,    9,   10,   25,   28
 495,   75,  512,   95,   17,   20,   29,   28
 289,  484,  301,  497,   12,   13,   30,   28
   8,  214,   30,  233,   22,   19,   31,   28
  87,   40,  107,   59,   20,   19,    1,   29
 378,    9,  395,   25,   17,   16,    2,   29
 253,   25,  271,   42,   18,   17,    3,   29
 359,   15,  374,   27,   15,   12,    4,   29
   3,  290,   17,  306,   14,   16,    5,   29
 298,  163,  311,  176,   13,   13,    6,   29
 119,  288,  143,  311,   24,   23,    7,   29
 409,  446,  432,  468,   23,   22,    8,   29
 487,  116,  506,  134,   19,   18,    9,   29
  31,  224,   55,  248,   24,   24,   10,   29
 148,  451,  158,  462,   10,   11,   12,   29
 325,  263,  338,  276,   13,   13,   13,   29
 389,  316,  398,  325,    9,    9,   14,   29
 423,  109,  432,  119,    9,   10,   15,   29
 435,   56,  474,   87,   39,   31,   16,   29
 152,   73,  165,   87,   13,   14,   17,   29
 259,  472,  286,  494,   27,   22,   19,   29
 321,  366,  329,  375,    8,    9,   25,   29
 497,   74,  512,   93,   15,   19,   29,   29
 291,  479,  303,  492,   12,   13,   30,   29
  10,  214,   33,  233,   23,   19,   31,   29
   0,  162,   16,  180,   16,   18,   32,   29
  87,   40,  108,   59,   21,   19,    1,   30
 379,    9,  396,   24,   17,   15,    2,   30
 254,   25,  271,   42,   17,   17,    3,   30
 360,   15,  374,   26,   14,   11,    4,   30
   2,  289,   18,  305,   16,   16,    5,   30
 299,  163,  311,  176,   12,   13,    6,   30
 119,  287,  143,  310,   24,   23,    7,   30
 409,  446,  433,  468,   24,   22,    8,   30
 488,  118,  507,  136,   19,   18,    9,   30
  22,  219,   45,  240,   23,   21,   10,   30
 148,  451,  159,  462,   11,   11,   12,   30
 325,  263,  338,  276,   13,   13,   13,   30
 388,  316,  398,  325,   10,    9,   14,   30
 423,  108,  433,  118,   10,   10,   15,   30
 436,   56,  475,   86,   39,   30,   16,   30
 153,   73,  165,   86,   12,   13,   17,   30
 259,  472,  286,  494,   27,   22,   19,   30
 321,  365,  329,  375,    8,   10,   25,   30
 498,   74,  512,   93,   14,   19,   29,   30
 292,  477,  303,  491,   11,   14,   30,   30
   0,  162,   16,  180,   16,   18,   32,   30
  87,   40,  108,   59,   21,   19,    1,   31
 379,    9,  396,   24,   17,   15,    2,   31
 254,   25,  272,   42,   18,   17,    3,   31
 360,   15,  374,   26,   14,   11,    4,   31
   2,  289,   18,  305,   16,   16,    5,   31
 299,  163,  311,  176,   12,   13,    6,   31
 119,  287,  143,  310,   24,   23,    7,   31
 409,  446,  433,  468,   24,   22,    8,   31
 488,  118,  507,  136,   19,   18,    9,   31
  30,  223,   53,  246,   23,   23,   10,   31
 148,  451,  159,  462,   11,   11,   12,   31
 325,  263,  338,  276,   13,   13,   13,   31
 388,  316,  398,  325,   10,    9,   14,   31
 424,  108,  433,  118,    9,   10,   15,   31
 436,   56,  475,   86,   39,   30,   16,   31
 153,   73,  165,   86,   12,   13,   17,   31
 259,  472,  286,  494,   27,   22,   19,   31
 321,  365,  329,  375,    8,   10,   25,   31
 498,   74,  511,   93,   13,   19,   29,   31
   0,  162,   16,  180,   16,   18,   32,   31
  11,  214,   34,  233,   23,   19,   33,   31
  89,   39,  108,   56,   19,   17,    1,   32
 380,    8,  397,   23,   17,   15,    2,   32
 256,   26,  274,   43,   18,   17,    3,   32
 362,   13,  376,   24,   14,   11,    4,   32
   1,  283,   18,  299,   17,   16,    5,   32
 300,  162,  315,  176,   15,   14,    6,   32
 119,  284,  143,  307,   24,   23,    7,   32
 411,  444,  434,  466,   23,   22,    8,   32
 492,  126,  510,  143,   18,   17,    9,   32
  34,  224,   58,  248,   24,   24,   10,   32
 151,  449,  160,  459,    9,   10,   12,   32
 328,  262,  340,  273,   12,   11,   13,   32
 389,  317,  397,  327,    8,   10,   14,   32
 425,  105,  435,  116,   10,   11,   15,   32
 438,   56,  477,   87,   39,   31,   16,   32
 153,   71,  168,   86,   15,   15,   17,   32
 262,  467,  290,  491,   28,   24,   19,   32
 499,   74,  511,   92,   12,   18,   29,   32
   1,  162,   19,  180,   18,   18,   32,   32
  13,  213,   36,  232,   23,   19,   33,   32
 291,  474,  304,  490,   13,   16,   34,   32
  89,   38,  108,   55,   19,   17,    1,   33
 381,    7,  397,   23,   16,   16,    2,   33
 257,   26,  275,   43,   18,   17,    3,   33
 363,   12,  377,   24,   14,   12,    4,   33
   1,  282,   18,  298,   17,   16,    5,   33
 300,  162,  316,  177,   16,   15,    6,   33
 119,  284,  143,  307,   24,   23,    7,   33
 412,  444,  434,  465,   22,   21,    8,   33
 493,  128,  511,  145,   18,   17,    9,   33
  35,  224,   59,  248,   24,   24,   10,   33
 152,  449,  160,  458,    8,    9,   12,   33
 329,  261,  340,  272,   11,   11,   13,   33
 389,  317,  397,  327,    8,   10,   14,   33
 425,  105,  435,  115,   10,   10,   15,   33
 438,   56,  477,   87,   39,   31,   16,   33
 152,   71,  169,   85,   17,   14,   17,   33
 263,  466,  291,  490,   28,   24,   19,   33
 499,   73,  511,   92,   12,   19,   29,   33
   1,  162,   20,  180,   19,   18,   32,   33
  14,  212,   37,  232,   23,   20,   33,   33
 291,  474,  304,  490,   13,   16,   34,   33
  89,   38,  108,   55,   19,   17,    1,   34
 381,    7,  397,   23,   16,   16,    2,   34
 257,   26,  275,   43,   18,   17,    3,   34
 363,   12,  377,   24,   14,   12,    4,   34
   1,  281,   18,  298,   17,   17,    5,   34
 300,  162,  316,  177,   16,   15,    6,   34
 119,  283,  143,  307,   24,   24,    7,   34
 412,  444,  434,  465,   22,   21,    8,   34
 493,  128,  511,  145,   18,   17,    9,   34
  25,  218,   48,  240,   23,   22,   10,   34
 152,  449,  160,  458,    8,    9,   12,   34
 329,  261,  340,  272,   11,   11,   13,   34
 389,  317,  397,  327,    8,   10,   14,   34
 425,  105,  436,  115,   11,   10,   15,   34
 438,   56,  477,   87,   39,   31,   16,   34
 152,   70,  169,   85,   17,   15,   17,   34
 277,  470,  298,  490,   21,   20,   19,   34
 499,   73,  511,   92,   12,   19,   29,   34
   1,  162,   20,  180,   19,   18,   32,   34
  89,   38,  108,   56,   19,   18,    1,   35
 382,    6,  399,   22,   17,   16,    2,   35
 260,   26,  277,   43,   17,   17,    3,   35
 365,   10,  379,   23,   14,   13,    4,   35
   0,  276,   17,  293,   17,   17,    5,   35
 302,  161,  318,  176,   16,   15,    6,   35
 120,  280,  144,  303,   24,   23,    7,   35
 413,  443,  436,  464,   23,   21,    8,   35
 495,  135,  511,  152,   16,   17,    9,   35
  19,  212,   42,  231,   23,   19,   10,   35
 153,  447,  162,  457,    9,   10,   12,   35
 331,  260,  341,  270,   10,   10,   13,   35
 388,  318,  396,  327,    8,    9,   14,   35
 427,  103,  437,  113,   10,   10,   15,   35
 441,   56,  480,   87,   39,   31,   16,   35
 154,   69,  172,   85,   18,   16,   17,   35
 269,  463,  305,  492,   36,   29,   19,   35
 502,   73,  511,   92,    9,   19,   29,   35
   4,  162,   22,  179,   18,   17,   32,   35
  36,  224,   61,  248,   25,   24,   35,   35
 322,  363,  331,  372,    9,    9,   36,   35
   0,  185,   11,  197,   11,   12,   37,   35
  89,   38,  108,   57,   19,   19,    1,   36
 383,    6,  399,   21,   16,   15,    2,   36
 260,   26,  278,   43,   18,   17,    3,   36
 365,   10,  379,   23,   14,   13,    4,   36
   0,  275,   17,  292,   17,   17,    5,   36
 303,  161,  318,  176,   15,   15,    6,   36
 120,  278,  145,  302,   25,   24,    7,   36
 413,  442,  436,  464,   23,   22,    8,   36
 496,  137,  512,  154,   16,   17,    9,   36
  17,  210,   40,  229,   23,   19,   10,   36
 154,  447,  163,  457,    9,   10,   12,   36
 332,  259,  341,  269,    9,   10,   13,   36
 387,  318,  396,  327,    9,    9,   14,   36
 428,  102,  437,  112,    9,   10,   15,   36
 442,   56,  481,   87,   39,   31,   16,   36
 155,   69,  172,   85,   17,   16,   17,   36
 266,  462,  308,  492,   42,   30,   19,   36
 503,   73,  512,   92,    9,   19,   29,   36
   5,  162,   23,  179,   18,   17,   32,   36
  36,  224,   61,  248,   25,   24,   35,   36
 322,  363,  331,  372,    9,    9,   36,   36
   0,  185,   11,  198,   11,   13,   37,   36
  89,   38,  108,   57,   19,   19,    1,   37
 383,    6,  399,   21,   16,   15,    2,   37
 260,   26,  278,   43,   18,   17,    3,   37
 365,   10,  379,   23,   14,   13,    4,   37
   0,  275,   17,  292,   17,   17,    5,   37
 303,  161,  318,  176,   15,   15,    6,   37
 120,  278,  145,  302,   25,   24,    7,   37
 413,  442,  436,  464,   23,   22,    8,   37
 496,  137,  512,  154,   16,   17,    9,   37
  27,  217,   50,  238,   23,   21,   10,   37
 154,  447,  163,  457,    9,   10,   12,   37
 332,  259,  341,  269,    9,   10,   13,   37
 387,  318,  396,  327,    9,    9,   14,   37
 428,  102,  437,  112,    9,   10,   15,   37
 442,   56,  481,   87,   39,   31,   16,   37
 157,   68,  171,   84,   14,   16,   17,   37
 266,  461,  308,  492,   42,   31,   19,   37
 503,   73,  512,   92,    9,   19,   29,   37
   5,  162,   23,  179,   18,   17,   32,   37
 322,  363,  331,  372,    9,    9,   36,   37
   0,  185,   11,  198,   11,   13,   37,   37
  89,   37,  109,   56,   20,   19,    1,   38
 385,    5,  398,   19,   13,   14,    2,   38
 262,   27,  281,   44,   19,   17,    3,   38
 367,    8,  380,   22,   13,   14,    4,   38
   0,  268,   18,  288,   18,   20,    5,   38
 305,  161,  320,  175,   15,   14,    6,   38
 121,  276,  145,  297,   24,   21,    7,   38
 415,  441,  438,  462,   23,   21,    8,   38
 498,  145,  512,  161,   14,   16,    9,   38
  22,  211,   45,  230,   23,   19,   10,   38
 155,  445,  165,  456,   10,   11,   12,   38
 334,  257,  343,  268,    9,   11,   13,   38
 387,  317,  397,  328,   10,   11,   14,   38
 430,  100,  440,  110,   10,   10,   15,   38
 444,   59,  481,   93,   37,   34,   16,   38
 157,   67,  173,   83,   16,   16,   17,   38
 266,  461,  305,  491,   39,   30,   19,   38
 504,   73,  512,   91,    8,   18,   29,   38
   7,  161,   26,  179,   19,   18,   32,   38
 322,  361,  330,  371,    8,   10,   36,   38
   1,  184,   12,  196,   11,   12,   37,   38
  41,  223,   64,  246,   23,   23,   38,   38
  89,   37,  109,   56,   20,   19,    1,   39
 386,    4,  398,   19,   12,   15,    2,   39
 263,   27,  281,   44,   18,   17,    3,   39
 367,    8,  381,   21,   14,   13,    4,   39
   0,  266,   18,  288,   18,   22,    5,   39
 305,  161,  321,  175,   16,   14,    6,   39
 122,  275,  145,  296,   23,   21,    7,   39
 415,  441,  439,  462,   24,   21,    8,   39
 498,  146,  512,  163,   14,   17,    9,   39
  21,  210,   44,  228,   23,   18,   10,   39
 156,  445,  165,  455,    9,   10,   12,   39
 334,  257,  343,  268,    9,   11,   13,   39
 387,  317,  397,  328,   10,   11,   14,   39
 430,   99,  440,  109,   10,   10,   15,   39
 445,   59,  481,   95,   36,   36,   16,   39
 157,   67,  174,   83,   17,   16,   17,   39
 266,  462,  304,  490,   38,   28,   19,   39
 504,   73,  511,   91,    7,   18,   29,   39
   8,  161,   26,  179,   18,   18,   32,   39
 322,  359,  330,  371,    8,   12,   36,   39
   1,  183,   13,  195,   12,   12,   37,   39
  41,  223,   64,  246,   23,   23,   38,   39
